0.0
0.0
0.0
0.0
0.0
0.0
0.0
0.0
0.0
0.0
0.0
0.0
0.0
0.0
0.0
0.0
0.0
0.0
0.0
0.0
0.0
0.0
0.0
0.0
0.0
0.0
0.0
0.0
0.0
0.0
0.0
0.0
0.0
0.0
0.0
0.0
0.0
0.0
0.0
0.0
0.0
0.0
0.0
0.0
0.0
0.0
0.0
0.0
0.0
0.0
0.0
0.0
0.0
0.0
0.0
0.0
0.0
0.0
0.0
0.012533188777383917
0.050558869219307
0.15908779776443452
0.4396727054320608
0.9036673036884169
1.584463902880641
2.409742408132274
3.243281180988023
3.8832699635049353
4.454103201494109
4.810799700999705
4.932225407008537
4.863604322331536
4.774012393461901
4.638782841190851
4.352861273188858
4.065740959761845
3.8184916776949196
3.487430999499068
3.303081641378069
3.0408878423922627
2.805318074927364
2.610139531281377
2.4459619917660063
2.251290444181396
2.111322172115124
2.0222525779220715
1.9114018154750583
1.7872509339418128
1.681594563411745
1.611531950294688
1.5438739865712041
1.4623561463336703
1.3922048737126869
1.3405495485398655
1.2928174812191324
1.2622062502840259
1.1995744863254352
1.17008511184347
1.1525827534416526
1.1089810187524336
1.0677349899228854
1.0652880709513195
1.027710219768207
1.002794795599636
0.9770546368914977
0.9722328165307629
1.0222829421837938
1.0847330551770054
1.167332697969903
1.150531749196707
1.1373357994094961
1.1291267388389754
1.0982830244512671
1.0930449522398555
1.0775855351187358
1.0739339551520848
1.069769990738947
1.0331394238773013
1.0464498134307991
1.0373457456624136
1.0298146123263427
1.0199706059411229
1.0170165019001605
1.028285983209583
1.012741423371758
1.0238077141061543
1.005250418429973
0.9983313620742061
1.0083491395200845
0.9930299824334913
1.0163157766259503
1.0034207381755404
0.994496351956043
1.0092865039773067
0.9977443537516122
1.0103630886825736
0.999737472561712
1.0095766161754196
0.9983792694960615
1.00652874823756
1.0136331822416809
1.006924096477462
0.9950265877823903
0.9870931886491273
1.0011557541626943
1.0051802840238937
0.9815204463555901
0.981190164845222
0.9939320450897166
0.9920104369481018
1.0002291350647359
0.9923493787246788
0.9869163632605739
0.9865007527663667
0.9787137423447783
0.9982122138822256
0.9890312449977873
0.973676249563369
0.9913254827779886
0.9764242073831967
0.9815616855243545
0.9820576843662088
0.9777130309024678
0.9661137231219347
0.9719205237281042
0.977121743043748
0.978107309508338
0.9746795050202623
0.9743133062645202
0.984133773762236
0.9766814414075967
0.974045296295312
0.9811879676821913
0.9849739115736781
0.9906347132734676
0.9810993425222213
0.9809219901203226
0.9782818587179998
0.9729898041650156
0.9762189512721134
0.9669933322815374
0.9822548556369446
0.9709675496599126
0.9894684059624396
0.9765142698274675
0.9673037047694479
0.9685017982657214
0.9779924898995662
0.987928337176229
0.9704168163539864
0.9828006056483845
0.9829215392962454
0.9741669678139349
0.9765817521841577
0.9808122115168185
0.9723330591024817
0.9806240424016087
0.9736043271228536
0.976783528778134
0.9775661259655887
0.9813535547396581
0.9888560833987105
0.9770287766632977
0.9882260144298649
0.9790765480334425
0.9826407834787768
0.9737812282115593
0.9756535184943528
0.9770717534550527
0.9838678730822756
0.9735896452531815
0.971082336708214
0.9782134943581787
0.9868782080668238
0.9761926310273412
0.9897818549318166
0.9699000279047294
0.9783199545237972
0.9819664739192132
0.9825410737061654
0.9821745238162428
0.9839362471853055
0.9835499392001449
0.981809546983452
0.9839046947148311
0.9860092758351201
0.9925738945790736
0.9832816762487441
0.9812854913003934
0.9812386833997027
0.9896905474586608
0.9776046671522859
0.9784427209977202
0.9788931486708893
0.9826460039124987
0.9793140501148703
0.978150935592813
0.9844169775693864
0.9756845543041088
0.9865721553505957
0.9805927497107492
0.9842347426855181
0.9820231752211908
0.9872434476266007
0.9914585636383061
0.9815305081302691
0.9896484261721499
0.9893880564074231
0.9878730374854459
0.9885236238708013
0.9872697136937477
0.982907573623365
0.9823008585568882
0.9831045843360656
0.9886775106853447
0.9850317643741984
0.9877785733277237
0.9901429714130271
0.9912751977631292
0.9855303647659764
0.9873080178032502
0.98711473111936
0.9862203740582166
0.9884596904091667
0.9818659323149261
0.9925386057087351
0.9776830060409185
0.9805806415785489
0.9839184679510675
0.9862262047257916
0.9852929984923375
0.9883842744950303
0.9870022742433202
0.9827927740020165
0.9816632015825159
0.9868264229802582
0.980140180000379
0.991794521829776
0.9877127390693804
0.9863375907078552
0.9947503596876442
0.9919155257794465
0.9862887504264521
0.9897382778881401
0.9824852466729884
0.9863295158813621
0.9866023065761714
0.9884055333201988
0.9875205694133484
0.9906401418687912
0.9896538174201005
0.987027437085661
0.9874243328136538
0.9930443901624664
0.9782135800213092
0.9856462944271364
0.9851149278999786
0.9838958931184605
0.9855982372402322
0.9834916618343577
0.9863170238127843
0.9843687560870942
0.9941569300297523
0.9913056606864599
0.9820857329517021
0.9850826486048558
0.9885956190531461
0.9822791982779334
0.9860873930247729
0.9857699718581645
0.9829104827492929
0.9892688505401961
0.990084527941687
0.9819944157107632
0.9909902369711564
0.9885343571212356
0.988660970390992
0.9848370788867219
0.9853090366219888
0.9866251475546591
0.9827220850803906
0.9876958297201262
0.988187565070925
0.9899263274120836
0.98827441988239
0.9822829076081151
0.9833003214309911
0.9890899371455312
0.9826760972475789
0.9865091391823334
0.987057822483851
0.989167492585507
0.9831776196050047
0.9950093711770606
0.9963135796555883
0.9879794799810057
0.9925913091538713
0.9868700226265992
0.9902661653946077
0.983342516811195
0.9860881195623177
0.9879774009286822
0.9917744653195306
0.9868613549375899
0.991836921766271
0.9884609893367171
0.9896324528394912
0.9883722252842015
0.9862368878867924
0.9912242449184084
0.9912583115029057
0.9850042647155033
0.9876193494797673
0.9852872799320116
0.9854114935685183
0.9886871490578422
0.9879935344032416
0.9975297425007323
0.9886126669030056
0.9902716338475606
0.9833280779905796
0.9845867302846617
0.9901979904255565
0.9899665421541585
0.9872220053178344
0.9901472473463322
0.9880708491286427
0.9881819527960172
0.9840134642245522
0.9871681337854643
0.9901719622855207
0.9902356404238032
0.9867511713698676
0.9859041621889852
0.9880769678615124
0.9883014964369744
0.9908535530640978
0.9913750271498953
0.9952463487507218
0.9898128461063304
0.9926077855221309
0.9875224362682441
0.9942675317663704
0.9925328574759605
0.9897632724188247
0.9927329746673949
0.9849799882578194
0.9922778774513337
0.99111988854884
0.9897538217833686
0.9885945462329023
0.9900890715007375
0.9897431178758103
0.9861518534672424
0.9893851385742931
0.9871626799344568
0.9919303132144323
0.9863361599147529
0.9901221270834778
0.9850562512899783
0.9885366448028797
0.9879286447096612
0.982364442671041
0.9920319020698058
0.9913661480603382
0.9814146501889706
0.9879944638090453
0.9920018307665776
0.9858214663927517
0.9888216590419767
0.9868549943639674
0.9920602726464796
0.9927895281537339
0.9857781215274989
0.9841580029442526
0.9852752089546273
0.9908060425509626
0.9876858535323672
0.9945264355185703
0.9857686652138675
0.9853884264655898
0.9889906481055432
0.9895042752611829
0.9863212075516523
0.9899195753316504
0.9899465110581581
0.9882488419946279
0.9922588424813604
0.9878333360967703
0.9873044075606592
0.9905303631001222
0.991553607872173
0.9872571868377749
0.993258023254788
0.9893047025253972
0.9907067475722593
0.9894159447839551
0.9872558426690565
0.9894896300312012
0.9886897955442007
0.9890192241550961
0.9878642104135457
0.9879088983411286
0.990732741936179
0.9890789933168492
0.9875282447294638
0.9874688559676875
0.986411156643469
0.9896787265965548
0.9881671902437238
0.9851555377282932
0.989370355567649
0.9903881870099058
0.9923346249778365
0.988276587446046
0.9889494928201228
0.9891759830173577
