0.0
0.0
0.0
0.0
0.0
0.0
0.0
0.0
0.0
0.0
0.0
0.0
0.0
0.0
0.0
0.0
0.0
0.0
0.0
0.0
0.0
0.0
0.0
0.0
0.0
0.0
0.0
0.0
0.0
0.0
0.0
0.0
0.0
0.0
0.0
0.0
0.0
0.0
0.0
0.0
0.0
0.0
0.0
0.0
0.0
0.0
0.0
0.0
0.0
0.0
0.0
0.0
0.0
0.0
0.0
0.0
0.0
0.0
0.00031622745382338955
0.007336500747736927
0.035775574125942386
0.13963101674288497
0.3925748100801702
0.782892047775204
1.3870237284780131
2.0692051684192445
2.77072583800999
3.3877961642590297
3.844062658414577
4.181891599252957
4.251137596964272
4.2748912158939305
4.188456209091106
3.994730032656191
3.7538651331048154
3.5609169946903187
3.312170295859059
3.048506591605514
2.8433056026111725
2.639522838587574
2.4557805864868962
2.2819983942026827
2.129066571523553
1.997352829269595
1.8441103279342936
1.7252804936386397
1.6281990341886288
1.540733563742942
1.482621993870832
1.4184669639624354
1.3279641873536976
1.2877213762729622
1.2353652222723552
1.2004163793693854
1.1292157189726169
1.076500432694997
1.0539566960361724
1.0331311918641264
0.9961982552005612
0.9653436546675939
0.9580149066633736
0.9356592888239228
0.8940059133375032
0.8884321410944185
0.850797652674055
0.8675128701957662
0.9038721589795667
0.9741339238497118
1.0218987455216129
1.0534130418823855
1.0414351342784898
1.0031652562162017
1.0118329981572596
1.0208809668448793
1.0220305278309383
1.0102507586877862
1.0031884506176725
1.000452083986798
0.9898807927312699
0.9994532213468665
0.9991072503607602
0.9910129124640336
0.9852121991531763
0.9887638128640313
0.9870476044265108
0.9912382606506968
0.9927388920972534
0.9993965329059739
0.9793144519147939
0.9936107771983665
0.9883548598676549
0.9795133769840568
0.9920922511858029
0.9855435870014853
0.9863179733962602
0.9892021092276382
0.997994960118251
1.003051031651748
0.9863621591658931
0.9848955263432891
1.0065609403405948
0.9782768383780978
1.0001429537399216
0.9772127968130057
0.9898048994224979
0.9982279106003444
0.9918071235226356
0.9848711824471762
0.9869632824173844
0.9865388120457179
0.9818337869707299
0.9932924076885907
0.9848222838402267
0.9757529561303984
0.9807539572150944
0.9862621326776093
0.9762170976069391
0.9741561509320041
0.9909377750887395
0.9940358320883177
0.986729126344398
0.9718088991693838
0.9913197011849803
0.9808094690779043
0.9718805302903738
0.9807172981839414
0.9763896195614865
0.9864830481790481
0.9888740700450079
0.9901984425816389
0.9879988097395163
0.9695194738623895
0.9783147432234883
0.991445251650448
0.9834554282276797
0.9885835542533736
0.9843612618663884
0.9751216785564105
0.9888858883774441
0.9823320757261295
0.9871231100068855
0.9907636354493119
0.9798707391588356
0.9796977831009902
0.989803638695704
0.9853565180916504
0.9870771692801024
0.9855960198021532
0.9769939965347729
0.9898251526810661
0.9746294876138032
0.9834822475331514
0.9842135392531959
0.9972192568770716
0.9877352552731862
0.988557959153902
0.9729723328073125
0.9886144419948567
0.9932083678021004
0.9769407185806145
0.9847456088338945
0.9871501940394954
0.9867410022119766
0.9879124163292922
0.9960267816582749
0.9841271481105777
0.9890088530369896
0.9821887079731381
0.990614533568168
0.99565426548681
0.9823334386654698
0.9914533399347903
0.9906520675542757
0.9872818295251583
0.9868243853819352
0.9821382119488006
0.9871013400857711
0.982369216331643
0.9860920977390912
0.9911216299257198
0.9884737961162996
0.9807157232179231
0.9845773851270299
0.9928372200292092
0.9834752389217604
0.986073124133756
0.9786299316377158
0.9946777402491603
0.9819280465416236
0.9892726971199264
0.9889776166508099
0.9903066013333353
0.9887933284366592
0.9937802007737192
0.9914628557000574
0.987275635665559
0.9976160482707228
0.9984998118551883
0.9864722213664393
0.9895343245682289
0.992885709498567
0.9810245352896433
0.9867528458801336
0.9916970676757964
0.9906801113460728
0.9932200979878083
0.989862157745004
0.9875859889130293
0.9983532403738984
0.9860027669333888
0.9949272455377842
0.9796224890386924
0.9896508433804575
0.9907166727306097
0.9857701762333454
0.9826113352445112
0.9903611084819695
0.9883475783157136
0.9805374358424522
0.9872981898907137
0.994038068580419
0.9901850232029417
0.9904923779717713
0.9810403197040645
0.9881619279421662
0.9856604765267415
0.9895838558985884
0.9863127317020667
0.9895478932975066
0.9867924276363265
0.9922889692544199
0.9888687765903712
0.9892321455991459
0.9961466836783529
0.9858283904462564
0.9877674934178704
0.9935173098400722
0.992370729838661
0.98656858406283
0.9873073318712243
0.9870338918808856
0.9915604361641377
0.9949947681874313
0.9875165071325037
0.994973559416491
0.9831960771135024
0.9958448224043916
0.9894660823756888
0.9840228731847159
0.9969932963169508
0.9910516516596307
0.9919946061433459
0.9908396691513857
0.9950796518707304
0.9912782229567673
0.9898725997875756
0.9930674445942211
0.9917094429755731
0.9945619754292162
0.9853376089399645
0.9857297662679549
0.9904167390591105
0.9958126952685034
0.9861713099614652
0.9881435234841711
0.9962261699499597
1.0015788999009436
0.9927174098159764
0.9867696726652296
0.9912833783848549
0.9896119920592827
0.9919010415807893
0.9923120269635951
0.9916514998065518
0.9884846141529654
0.993252950101929
0.9917724472568619
0.9935008624638206
0.9919341642435253
0.9933360899199866
0.994659089876918
0.9867325611255278
0.9875632363085602
0.9890369800648902
0.9931665622300265
0.9856741406484718
0.997289892065348
0.9938928630326138
0.9916519109643374
0.998411004573663
0.9913479135977945
0.9951157728419899
0.9977534380343869
0.9924892023185375
0.9918739985294327
0.9949213056916266
0.9922090028905362
0.9915445650900125
0.9879710184806786
0.9894081274011044
0.9954505427346104
0.9922461240247908
0.9970884818591352
0.9978219969729305
0.9935056830328612
0.9992225731126871
0.9954915197254788
0.9999333921967501
0.9957803397333646
0.9981438013573982
0.9924123408018658
0.9930190523779252
0.993742270671413
0.9988755977561217
0.9945829587004409
0.9913160895612441
0.9983141391323667
0.9961748978974528
0.996864859448106
0.9961333103827064
0.9931960841592816
0.9956838378754924
0.9972066528325242
0.9947416295980089
0.9944960840889888
0.9944003527753991
0.9925747151103196
0.9960188793834408
0.9859421522922488
0.9902199154367599
0.9934674634697855
0.9931213445390706
1.0003691705257853
0.9966410025751014
0.9941343871087578
0.9930449015160976
0.9935256961303889
0.9942228894101732
0.9962586147661348
0.9919694975653426
0.9938336886535839
0.9939842185589494
0.9944672522073786
0.9892656714265295
0.9915494258895529
0.9901186030571719
0.9960934152131108
0.9931499720449172
0.9938948091266545
0.9945475784915867
0.9918024253887809
0.9942338011791827
0.9911481049123293
0.9925889763776454
0.99398861178685
0.9954790372209615
0.9980914138176975
0.9958087678739355
0.9917032039489939
0.9952208378203713
0.9926793591006483
0.9913659690689514
0.9942151289490468
0.994026042932438
0.9915645773876877
0.9929787465754587
0.9921074779570709
0.9946152603750643
0.9937401538818347
0.9938814189932148
0.9944141241797699
0.9919452311583776
0.9938071671542309
0.9995764707626488
0.9931781915017037
0.9965714616604754
0.9956098145197332
0.9968003937766844
0.9937355006591972
0.9917646753488915
0.9999553094198566
0.9886556138556227
0.99222644116662
0.9886081437958149
0.9954568645735666
0.9916740203522014
0.9945018117001537
0.9979259490583567
0.9963857250003026
0.994731674820978
0.9927376926206665
0.9939309045972037
0.9921055314379277
0.9955212915136308
0.9909384577344305
0.9923101837896755
0.9949596867804368
0.9949511097923992
0.9958778278542622
0.992684581020122
0.9945854446725964
0.9946600277160391
0.9902026333350391
0.9906116940730952
0.9923380741374788
0.9993828151044009
0.9948515977511242
0.9934691101872376
0.9960058182495539
0.9931913697266638
0.9919278321498739
0.9930653639786551
0.9936176160401764
0.9909769780983265
0.9956322371034507
