0.0
0.0
0.0
0.17549769018403982
0.10644941863622086
0.17839050925300748
0.1789523691246705
0.1729015705067612
0.11969427717621149
0.2036679836268654
0.1667493158999412
0.1144934553089831
0.17998803620154197
0.20180630187524864
0.19552278320028565
0.16661327174892576
0.15498357829594228
0.18017635548274424
0.12961538267243852
0.16219308878095567
0.18795371181090084
0.18024258087034264
0.15816743769713681
0.1528323276617803
0.1586397776899596
0.17639721704300504
0.16333695797384978
0.1874476210493702
0.16519971328772592
0.17035576245555337
0.14424639959949406
0.17449551996800763
0.1926099610161222
0.1822476013449645
0.15910774908172218
0.20179217351894047
0.1592080621984811
0.16699110624409313
0.18836304817819294
0.17270457377329199
0.1886930052354718
0.17468252769818396
0.18513241297971347
0.1607054328733013
0.16066856369483143
0.17093435465598944
0.16816612335193373
0.1798663355963625
0.17942692853590023
0.17534250925815273
0.16889158186185965
0.1770857049751991
0.17158194174541846
0.1724116122502107
0.16650715089899762
0.194640820982169
0.24883399133435138
0.5571021041259064
2.017531155393225
7.283922492378146
20.626835977869792
45.48995402838283
81.52119297170088
121.17918204687815
156.9893910564052
182.1097303058547
194.27408448052006
193.75685812524245
185.01180432593878
170.09510805717957
152.30499543510328
133.90016050433417
117.02990962632994
101.62091583098324
87.95240491661761
75.66663831487665
65.61337050888507
57.18738182418038
50.03374879317558
43.883715288003756
38.825381712902626
34.55827998017706
31.02108826273033
27.8882794674928
25.248260594061847
23.280331562308586
21.488119509211998
19.91292117360431
18.68380063068277
17.57702005377168
16.683062129623462
16.031756270917274
15.47311699971783
15.074095297455987
14.765725568446076
14.683337747146341
14.829306685148051
15.084284619503775
15.55869596088347
16.29573547456878
17.478709279092886
18.961308291377087
21.052968842003178
23.48869506166832
26.51505681660991
30.50238258595524
35.56760322411255
40.88693491817538
45.53912127341794
48.86632458985224
50.98928460371656
52.2021119127452
52.76273414881734
52.76590287618509
52.36880792480437
51.28095479669483
49.94317206763943
48.20982860627568
46.42420689473292
44.55152918361529
42.7296668372678
41.139718603894195
39.666961029721584
38.60932883478792
37.74086866287925
37.372485873157814
37.39282678630287
37.625894741828624
37.93195143622935
38.33155102324796
38.42821304183944
38.278188656171665
37.77649841331769
37.0003302899626
35.80907955405429
34.31497437182469
32.81400691154027
31.069681724469124
29.193792368856016
27.495880640014057
25.733750158407
24.107370359209828
22.50161759478651
21.120651431603026
19.85927923013169
18.667531605372385
17.677654711567666
16.721171687320236
15.968477981507544
15.327619259734163
14.83343534150747
14.476249019221514
14.22722211693788
14.205601653684711
14.360981795939017
14.659482387397597
15.125510273151392
15.787751597958746
16.666218123225512
17.56823374570263
18.534938034072173
19.67136063316745
20.771360881241446
21.738247000770397
22.530023191447683
23.303267002732348
23.842707614536717
24.258827053554803
24.442948325518316
24.64899886957836
24.4718731521403
24.254323961683458
23.826413858409943
23.37717674899115
22.747138175397374
22.113596888321126
21.40130269137709
20.632919324367965
19.857266120594836
19.01766146767695
18.20236811687361
17.43163167398192
16.65523558770599
15.939260608736006
15.246053573967538
14.587836847428413
13.988778985520149
13.489677903411359
13.001570635932026
12.631843369276137
12.341877359261543
12.073878020096421
11.84014728751501
11.72294088355293
11.503724290720564
11.305102609650369
11.118915028921823
10.953194342060158
10.732808313582375
10.497952406050254
10.195787738539927
9.945361618744718
9.631360714219264
9.33774930900417
9.061517261177517
8.814219147507847
8.542215318946933
8.312383986852714
8.14399065272809
7.970436903805268
7.819857767055249
7.721723128036784
7.663359409912904
7.6009518184797455
7.588108890045837
7.590114178345241
7.589265112294925
7.626498650260376
7.642695458061323
7.666255276201806
7.700537632584719
7.720081234248799
7.687765775434134
7.653616735774857
7.6107296736419086
7.55336014246505
7.477254996202961
7.341929914924938
7.215542990010011
7.05727490640133
6.891026233073865
6.680167298822798
6.491832915943685
6.277671377735396
6.047140136955295
5.812796540676044
5.592679024501371
5.344320492925467
5.1014820460157155
4.884371764719109
4.654316651719176
4.422589537012795
4.1917028274166555
4.005866961380758
3.821874891115109
3.6215462672928442
3.445887283340397
3.2826426143223957
3.141765036137141
3.003922667501587
2.8665211603643477
2.7702673447339747
2.6700135400077025
2.5736437180146274
2.5044681245731124
2.418821036361457
2.3483304693657363
2.2952142138502927
2.2379244980379247
2.1788926796510535
2.1272223291769485
2.0679366757793747
2.000365832521948
1.9427216931565805
1.8888760345556161
1.826910946165469
1.7612038752234123
1.6933864661732436
1.643567024146326
1.592919152761136
1.5277395686812782
1.462315415028298
1.4045420420410355
1.3539099322985573
1.3014778927166806
1.248472521922415
1.2009689900524574
1.1539759955500806
1.1100396530014205
1.0661749953435102
1.0168406400756191
0.9694765935505073
0.9275705932534924
0.8898259202710361
0.8453678514003768
0.8009653691097911
0.7721917610718656
0.7357460873474889
0.6980959584351565
0.6604698042976777
0.6263323326482448
0.5965187948352068
0.5659844781313861
0.5354497160877537
0.5078989125138065
0.4787623160363883
0.4545983536919436
0.4338170920667223
0.4120768909724368
0.3942725847328742
0.37529352568955765
0.3571643487411145
0.3424122513736946
0.3231703685164895
0.313137580741957
0.3030898656798395
0.2900674609287432
0.2806070529366264
0.2688068070126112
0.26416899878498606
0.2532990914236518
0.24658945642573252
0.24145646114094846
0.23259588067884196
0.229127718060008
0.22544871900382682
0.21815990400176266
0.21780773384409066
0.2127188722154881
0.2093750407154044
0.20909249531498722
0.2024958110818827
0.20026385600786603
0.19785910225409398
0.19451404636841568
0.19483246690289802
0.1926966910092367
0.19160243628111698
0.1890737608961433
0.1865024300433625
0.186138433620454
0.18441638424320708
0.18427789250041535
0.1822208579674237
0.17908245000168158
0.18282384471947236
0.1781738340273894
0.17906728009746425
0.17860587712921008
0.17748953093042952
0.17965024563703488
0.17900797505202912
0.17574080045647703
0.17838788865718525
0.17629596484694177
0.17772479086802045
0.17474441638731
0.17420617243885556
0.17474051420287498
0.17616074350375155
0.17582649448811793
0.17885677516830167
0.17613632326977272
0.1771591009623904
0.17429228432392044
0.1736042697897869
0.1737046335556279
0.1765023806922172
0.17498858497931383
0.17223280424983192
0.1750509347445439
0.173446135359968
0.17451651751310013
0.1738197353917575
0.1748304061201416
0.17645931896367958
0.17378960505324606
0.17412721344040621
0.17324719510572223
0.17439544963676656
0.17483501019677616
0.1737852570721597
0.17238546239638944
0.17477621174769367
0.17635963935770074
0.17341827565972104
0.17355950950283272
0.17476001688937962
0.17476697213862896
0.17441824743946704
0.17605164970718598
0.17390299474421467
0.17496250337665686
0.1737348257366248
0.17458186116144422
0.17532311007275184
0.17387369421577006
0.1739936825099157
0.1740957923238621
0.17503632194873017
0.17531911236210218
0.17492595068790398
0.1732630013435232
0.17568243374146925
0.17381936015268015
0.17427680839415075
0.17615928987436896
0.17326036943997492
0.1743546143420818
0.17280475192831096
0.17562004960361305
0.1746053358133184
0.17368536822330993
0.17635517075497525
0.17419449216928695
0.1748765173528686
0.17454767525322576
0.17458491858390707
0.17452242451369648
0.1738647105693325
0.17713539460462832
0.17462658774485584
