0.0
0.0
0.0
0.0
0.0
0.0
0.0
0.0
0.0
0.0
0.0
0.0
0.0
0.0
0.0
0.0
0.0
0.0
0.0
0.0
0.0
0.0
0.0
0.0
0.0
0.0
0.0
0.0
0.0
0.0
0.0
0.0
0.0
0.0
0.0
0.0
0.0
0.0
0.0
0.0
0.0
0.0
0.0
0.0
0.0
0.0
0.0
0.0
0.0
0.0
0.0
0.0
0.0
0.0
0.0
0.0
0.0006780217747530011
0.000981966105979859
0.011384188337642025
0.056246505732649776
0.2347587260826302
0.8111760911190139
1.8769896529944623
3.730345070972767
6.079024289347841
8.786113034403352
11.342062393062092
13.258318312611289
14.57639407282662
15.282220417543257
15.497142808273821
14.967411534543155
14.315036860319386
13.440971442809644
12.516328524783463
11.55627300862684
10.716704426644194
9.837240136845834
9.006552472162532
8.171305181981033
7.582441752347131
7.029617358123285
6.445872273561861
5.96536089015302
5.648430968285306
5.178506235410985
4.884018547343647
4.640859116037457
4.361782710206948
4.141507411496761
3.9643364725358845
3.8013762531053277
3.607311983127631
3.4701528252534404
3.3243878088491976
3.24955515314732
3.1598944277454546
3.080153997473918
3.0066648716751905
2.907180896374664
2.8744733140653533
2.786178434655541
2.771531640080523
2.7191438568974613
2.709867328447217
2.7348727303291094
2.885749981650799
3.0854441827606665
3.162682848342934
3.1946278129025067
3.1713694076271186
3.1234443386231807
3.1229751338375253
3.1294302909758556
3.1071180896176815
3.1096058645516362
3.0713625896901284
3.07754832479869
3.079389361131316
3.0627769553770294
3.0775931802981358
3.0756002897324755
3.106508709356787
3.10429973540017
3.0813731291048465
3.095678452592253
3.084192685823499
3.064230190287514
3.0719092732730817
3.086407913299102
3.069918017446572
3.0594538006431287
3.0390299480216285
2.9914253682350074
2.998916339442053
2.9710840373983496
2.897275439742665
2.8911773958036
2.8408900167385105
2.8177132486298944
2.7330651414956066
2.6740864149997035
2.644308472384096
2.565328118642381
2.5103529611263165
2.4597088209374802
2.414948739628149
2.3587861306360245
2.2968452858484625
2.2708211774078744
2.2264582609986894
2.1790570269116367
2.148385879981654
2.093248221741987
2.076666709332479
2.0429268036880326
1.99277666613748
2.001319589399607
1.9948422184512569
1.941575273348864
1.9216157976324246
1.9124150191160456
1.9105486402406244
1.896237038103767
1.8635742179309716
1.8782626890040701
1.8634203234788065
1.8658470135085916
1.8584413583284276
1.8411355148195978
1.8426834879112564
1.8628358724517513
1.8541390241099458
1.87154750209114
1.849483342637129
1.8467380289478872
1.8618966588928563
1.8408049441256178
1.8470366739052357
1.8393451001449286
1.818921400469665
1.8175279318123794
1.8129363317624374
1.793905641486181
1.8126953478262375
1.7835802151604694
1.7656870256684922
1.760078646600491
1.744194850065789
1.7324953888739631
1.7193642711086785
1.7118422472740658
1.6842609735528724
1.6790662256527629
1.6856467242002477
1.6549681209517677
1.6363727518087612
1.625254175549358
1.6105680780724971
1.5992754498808406
1.5910887387107584
1.5691516652654272
1.5551701159822118
1.546247701224018
1.5230884736230983
1.5127347905270372
1.4985251796958876
1.484795049580029
1.4894319694624527
1.4619564972067898
1.4407964167159304
1.436373469788397
1.407883514126246
1.4126276192936507
1.402450711589181
1.393170452602566
1.3785985875243547
1.3598885290608473
1.373470039815442
1.3619274468691926
1.3482223435138772
1.344326114165387
1.3304331725578062
1.3219125164771568
1.3093892402831822
1.30367584431523
1.3121458985104342
1.2888216527149452
1.2875356103059978
1.2869216044118978
1.2864938274928293
1.2765342882684636
1.268079544632399
1.2649825912816752
1.2571098767457396
1.255764497410478
1.2498498543037555
1.2542356404593507
1.2390215910055475
1.2403187401146072
1.2271629537957793
1.2313093754951876
1.2238068838483904
1.2214600561154438
1.2140416085919812
1.2061286493562287
1.2129444869114818
1.1978625312490796
1.1967760783388823
1.1887144351418575
1.187296863079187
1.1806799315099819
1.172942150828267
1.1699712498800046
1.1666598473675083
1.1536494676485134
1.145444811884697
1.1430614980378568
1.1466083419278545
1.1374668986683873
1.126294729943124
1.129867486758054
1.1241181474442812
1.1133108655097315
1.113107276053265
1.1063962084178054
1.1076628386733436
1.096568502151787
1.0860437496359328
1.0916181690998459
1.099225266526841
1.0843156893724892
1.0750894799597288
1.0736369764480802
1.0681411400258987
1.0672166521811237
1.0696890936150873
1.0575806118197888
1.0600456604591029
1.0633211856341669
1.0500173251913076
1.0487844934004467
1.0426066503662448
1.0417815746792598
1.0416643389671454
1.0401688981003092
1.0371263018026193
1.033262830407959
1.0339528119131518
1.0329557661098856
1.023176190834157
1.028178522278943
1.026612154940666
1.0262241813447226
1.0154609144648075
1.0164946054011343
1.0195224885198058
1.0154191036531022
1.0183195254260355
1.0104690326064958
1.0133907951142058
1.0057748060549785
1.00787612772226
1.0046291245815264
1.0044843842653972
1.0035199003621038
1.0033299723844087
0.9939306229991262
1.0004266368017052
0.993441289545916
0.9968972174230741
0.9895476843368691
0.9938967650737086
0.9902200050147016
0.9964282043975364
0.9855009759193611
0.9832266896148375
0.9825074121751599
0.9872186949863287
0.9833279862977605
0.9772856380592008
0.9844814443011946
0.9817257623804497
0.9785612956148095
0.9823134060974551
0.9780847245370713
0.9748537882177944
0.9799381434909431
0.9789854833394592
0.9767902792522278
0.9753368576159637
0.9812101905205431
0.9773335876356688
0.9714131955711972
0.9633697597957056
0.9672597647367004
0.9716218106099334
0.9724473489285065
0.9687220085605659
0.9672301518386183
0.9671859192393937
0.9657614811632828
0.9699187271557742
0.9628121470575376
0.9674347078351471
0.964245159289863
0.9641950886052506
0.957103301750959
0.9619193527894111
0.964662362454784
0.9677901126293977
0.9632110497383382
0.96646348095273
0.9660436583863315
0.9623062907995537
0.9605395026908008
0.9619876541699514
0.961905797213256
0.9634350590358121
0.9617336429450213
0.9572382355209228
0.9614318699682718
0.9605985395552366
0.9647069029143046
0.9652694383656945
0.9616230869353912
0.9642462843561603
0.9604562206973606
0.9614589715320694
0.9610654922849018
0.9630116714247752
0.9577871523015851
0.9613792634350447
0.9616842086590328
0.9623657310056883
0.9641469725146437
0.9602002547465036
0.9579373270645513
0.9564100831892484
0.9617237758840771
0.9611828052500092
0.9582696727105523
0.9564685890422036
0.9630104465968694
0.9588276799299044
0.9590592857379492
0.9565154155672461
0.9590373793884642
0.9608754053518859
0.9605490004091949
0.9580984030187198
0.9586540859327006
0.9610743573956402
0.9574189411060402
0.9602274902657562
0.9605254290583808
0.959851286609721
0.9548361425580781
0.9574715268132732
0.9596888608895775
0.9611367054490717
0.9656263175191105
0.9623505440865395
0.9617741380474679
0.9641151871043288
0.9603728652444046
0.9599630935008464
0.9587376294655375
0.9645817436026234
0.9632324393906254
0.9614994765111312
0.9599509150784908
0.961776979613584
0.9573206086095019
0.9597052292151845
0.9632907704199943
0.9572233094238299
0.9633286727568515
0.9582114029518863
0.9548846007030058
0.96012284124071
0.964935188961268
0.9621613616007806
0.9641638727533282
0.9592843123999651
0.9585225790208373
0.9661224915333053
0.9609387519006564
0.9605376000442143
0.9649404717025745
0.9589270102821705
0.963217858399007
0.966729828077224
0.966651663570682
0.9619436021299046
0.9626323483207011
0.9631513310629188
0.9639099514476891
0.9613027624559681
0.9613033840346572
0.963915458073664
0.9632238205536872
0.9602901181855361
0.9622424767067274
0.9645071671633304
0.9672653268300774
0.9647886389300417
0.964459083676556
0.9650966842814585
0.961991108012245
0.9616764728950491
0.9637495070166215
0.9647958869042271
0.9637819429304624
0.9608972248323717
0.9626604073762663
